0 0.56796875 0.69765625 0.0765625 0.1375
0 0.5609375 0.909375 0.08125 0.11875
0 0.23046875 0.95 0.0859375 0.1
0 0.1421875 0.953125 0.0671875 0.09375
0 0.10390625 0.87890625 0.0546875 0.121875
0 0.303125 0.89375 0.09375 0.13125
0 0.37265625 0.82890625 0.0796875 0.153125
0 0.29765625 0.78125 0.08125 0.1125
0 0.01953125 0.61640625 0.0359375 0.128125
0 0.0453125 0.6046875 0.034375 0.1390625
0 0.1609375 0.39453125 0.071875 0.096875
0 0.0921875 0.4359375 0.0453125 0.1390625
0 0.084375 0.23125 0.0703125 0.090625
0 0.425 0.20234375 0.0703125 0.1296875
0 0.49921875 0.17578125 0.075 0.1765625
0 0.528125 0.3015625 0.0765625 0.134375
0 0.4609375 0.30390625 0.075 0.134375
0 0.21171875 0.15 0.090625 0.1375
1 0.64296875 0.1421875 0.25625 0.284375
0 0.76640625 0.29296875 0.0546875 0.153125
0 0.1234375 0.31796875 0.03125 0.1046875
0 0.0609375 0.7609375 0.0703125 0.1296875