1 0.18046875 0.5015625 0.15 0.309375
0 0.84375 0.35390625 0.0875 0.1625
3 0.809375 0.29609375 0.103125 0.2359375
3 0.4078125 0.19375 0.15 0.1390625
1 0.64140625 0.87578125 0.1203125 0.209375
0 0.26484375 0.56015625 0.065625 0.134375
0 0.2359375 0.13828125 0.1 0.175
0 0.54453125 0.1015625 0.078125 0.1890625
0 0.11875 0.07890625 0.084375 0.1578125
0 0.10859375 0.81640625 0.084375 0.134375
0 0.76015625 0.20625 0.0765625 0.215625
3 0.41640625 0.37109375 0.190625 0.234375
0 0.14453125 0.24765625 0.071875 0.125