3 0.21484375 0.64296875 0.09375 0.2703125
3 0.2890625 0.47734375 0.15078125 0.12734375
3 0.259375 0.06640625 0.096875 0.1328125
0 0.34296875 0.7 0.08203125 0.20234375
0 0.84609375 0.53515625 0.065625 0.11796875
0 0.79765625 0.575 0.053125 0.08359375
0 0.53046875 0.41953125 0.0734375 0.09140625
3 0.403125 0.93515625 0.159375 0.1296875
3 0.078125 0.68671875 0.10390625 0.22578125
0 0.39609375 0.51484375 0.07265625 0.1515625
3 0.73515625 0.59296875 0.1296875 0.2578125
3 0.825 0.08359375 0.0875 0.1671875