0 0.18984375 0.52734375 0.08125 0.14375
0 0.28046875 0.7421875 0.0828125 0.1703125
3 0.4453125 0.3453125 0.0890625 0.19375
0 0.50546875 0.47734375 0.090625 0.159375
2 0.7390625 0.16875 0.1671875 0.3375
0 0.96796875 0.14375 0.05 0.1234375
0 0.91015625 0.50078125 0.053125 0.153125
0 0.809375 0.846875 0.096875 0.15625
0 0.7640625 0.959375 0.08125 0.08125
0 0.47265625 0.94140625 0.0859375 0.115625
3 0.290625 0.94375 0.134375 0.1125
2 0.46015625 0.728125 0.1359375 0.271875
0 0.61640625 0.109375 0.084375 0.165625