1 0.6046875 0.26953125 0.178125 0.3125
3 0.38125 0.19765625 0.234375 0.159375
3 0.19765625 0.22578125 0.1375 0.228125
2 0.80703125 0.0671875 0.128125 0.134375
0 0.7390625 0.20234375 0.05 0.109375
3 0.68984375 0.64921875 0.08125 0.3515625
0 0.57890625 0.67578125 0.071875 0.1265625
0 0.62421875 0.73359375 0.06875 0.190625
0 0.9125 0.86015625 0.0765625 0.153125
3 0.8453125 0.8375 0.059375 0.11875
2 0.5390625 0.9171875 0.159375 0.165625
0 0.41796875 0.85078125 0.109375 0.14375
2 0.36953125 0.9546875 0.0921875 0.090625
2 0.284375 0.89609375 0.1625 0.2078125
0 0.1359375 0.74765625 0.053125 0.1515625
0 0.10078125 0.5140625 0.0578125 0.134375
0 0.36015625 0.6 0.084375 0.1265625