3 0.73984375 0.68046875 0.153125 0.1125
1 0.6265625 0.775 0.0921875 0.26875
1 0.4890625 0.3015625 0.2515625 0.38125
2 0.68671875 0.10078125 0.134375 0.2015625
3 0.31171875 0.315625 0.1015625 0.134375
3 0.15 0.0734375 0.0484375 0.146875
2 0.26875 0.48125 0.1328125 0.325
3 0.80078125 0.503125 0.109375 0.1375
1 0.64375 0.91640625 0.1875 0.1671875
1 0.87109375 0.94296875 0.1359375 0.1140625
2 0.43203125 0.9171875 0.1625 0.1625
3 0.29921875 0.9421875 0.109375 0.115625
1 0.42265625 0.43125 0.1484375 0.171875
3 0.47578125 0.81171875 0.175 0.2375