1 0.7203125 0.20546875 0.25625 0.4109375
0 0.88828125 0.15234375 0.0625 0.1015625
2 0.65859375 0.853125 0.2078125 0.20625
3 0.51171875 0.89296875 0.165625 0.2140625
3 0.51328125 0.7984375 0.1 0.065625
0 0.4625 0.74375 0.0703125 0.10625
2 0.4203125 0.52421875 0.23125 0.340625
0 0.23359375 0.49140625 0.08125 0.14375
1 0.11640625 0.71328125 0.1453125 0.234375
1 0.1421875 0.86796875 0.15 0.2640625
1 0.2109375 0.915625 0.1375 0.16875
0 0.4375 0.34296875 0.115625 0.159375
0 0.540625 0.0984375 0.046875 0.125
1 0.26953125 0.25859375 0.103125 0.309375
3 0.1421875 0.1546875 0.053125 0.253125
1 0.35546875 0.10859375 0.0890625 0.2171875
1 0.271875 0.05625 0.1 0.1125