0 0.0171875 0.58046875 0.034375 0.140625
3 0.0421875 0.93828125 0.0484375 0.1234375
1 0.79921875 0.1203125 0.1734375 0.240625
1 0.67734375 0.30859375 0.1 0.3078125
1 0.46484375 0.56015625 0.16875 0.35
0 0.5015625 0.91328125 0.0609375 0.1
0 0.25234375 0.946875 0.084375 0.10625
0 0.15390625 0.91796875 0.096875 0.1640625
0 0.06328125 0.275 0.0640625 0.15
0 0.21796875 0.29921875 0.090625 0.165625
0 0.4234375 0.315625 0.059375 0.13125
2 0.6015625 0.821875 0.1421875 0.3
3 0.32265625 0.45234375 0.1875 0.246875