2 0.7015625 0.2578125 0.1765625 0.171875
2 0.76484375 0.11171875 0.1609375 0.221875
2 0.446875 0.11015625 0.084375 0.21875
1 0.88046875 0.375 0.125 0.2375
1 0.14296875 0.85078125 0.1328125 0.2203125
1 0.3578125 0.80703125 0.2125 0.29375
3 0.4796875 0.69140625 0.175 0.1796875
2 0.46484375 0.43515625 0.240625 0.2984375
0 0.62421875 0.5921875 0.08125 0.165625
0 0.63046875 0.91640625 0.1734375 0.165625
3 0.775 0.93125 0.1125 0.1375
0 0.1265625 0.35234375 0.0421875 0.1015625
3 0.2328125 0.22890625 0.1625 0.096875
3 0.1640625 0.34453125 0.0625 0.228125
2 0.60390625 0.39375 0.103125 0.203125