1 0.6515625 0.2859375 0.1375 0.35859375
1 0.73671875 0.66328125 0.17421875 0.33203125
0 0.9390625 0.5 0.0671875 0.1171875
0 0.83984375 0.78203125 0.0546875 0.125
3 0.1453125 0.25 0.10625 0.22421875
3 0.49609375 0.690625 0.246875 0.1796875
3 0.7765625 0.3015625 0.10859375 0.15234375
3 0.525 0.25546875 0.0875 0.35859375
3 0.28359375 0.2265625 0.20625 0.196875
3 0.71171875 0.05546875 0.134375 0.1109375
3 0.79921875 0.1796875 0.11796875 0.11328125
1 0.24453125 0.90859375 0.178125 0.1828125
1 0.37578125 0.090625 0.14921875 0.18125
0 0.2734375 0.05859375 0.05703125 0.1171875
0 0.23515625 0.02890625 0.05390625 0.0578125