1 0.90703125 0.5640625 0.1515625 0.25625
1 0.8109375 0.6734375 0.1546875 0.3328125
0 0.68203125 0.9015625 0.08125 0.153125
0 0.6171875 0.9359375 0.053125 0.128125
3 0.18671875 0.85 0.0640625 0.3
0 0.02734375 0.81171875 0.046875 0.1375
0 0.03984375 0.93671875 0.0375 0.11875
1 0.3625 0.6875 0.15 0.309375
1 0.1578125 0.475 0.15 0.2453125
3 0.32890625 0.32890625 0.1421875 0.1609375
3 0.1921875 0.23203125 0.1015625 0.3234375
0 0.2796875 0.10703125 0.078125 0.1578125
1 0.70078125 0.15078125 0.125 0.3
0 0.80234375 0.36484375 0.090625 0.109375