0 0.64453125 0.07421875 0.0625 0.12421875
3 0.66640625 0.3203125 0.07109375 0.2046875
1 0.60234375 0.23984375 0.08515625 0.26328125
0 0.26875 0.34140625 0.084375 0.1734375
2 0.209375 0.9640625 0.084375 0.071875
2 0.56953125 0.9046875 0.1296875 0.190625
0 0.51953125 0.86328125 0.09296875 0.16171875
2 0.66796875 0.60703125 0.1234375 0.2
0 0.42421875 0.296875 0.07734375 0.15703125
0 0.16171875 0.321875 0.0953125 0.1359375
3 0.45859375 0.66796875 0.15 0.25234375
3 0.69453125 0.82890625 0.13671875 0.14453125
3 0.10546875 0.7546875 0.13515625 0.29609375
3 0.0703125 0.47578125 0.10390625 0.234375