0 0.784375 0.43671875 0.1 0.178125
0 0.86015625 0.05078125 0.059375 0.1015625
2 0.71796875 0.8609375 0.1359375 0.221875
1 0.875 0.53984375 0.128125 0.2484375
1 0.521875 0.59921875 0.1625 0.271875
0 0.596875 0.69609375 0.1296875 0.21875
1 0.3703125 0.85 0.196875 0.20625
0 0.2328125 0.96640625 0.0546875 0.065625
0 0.33515625 0.9796875 0.065625 0.040625
0 0.09296875 0.8125 0.04375 0.1484375
0 0.121875 0.546875 0.096875 0.146875
1 0.39609375 0.3328125 0.14375 0.3265625
0 0.18203125 0.203125 0.05625 0.125
3 0.2578125 0.1109375 0.103125 0.221875
3 0.53359375 0.3734375 0.153125 0.184375