1 0.4390625 0.309375 0.1984375 0.17734375
1 0.61953125 0.30703125 0.17265625 0.221875
3 0.59296875 0.6171875 0.14921875 0.321875
1 0.14140625 0.078125 0.1421875 0.15625
0 0.22578125 0.8125 0.0890625 0.1640625
3 0.509375 0.89609375 0.1625 0.2078125
0 0.68515625 0.6015625 0.06953125 0.15234375
3 0.128125 0.86015625 0.0890625 0.13515625
0 0.853125 0.865625 0.0609375 0.146875
0 0.15625 0.46875 0.04609375 0.12890625
2 0.1140625 0.44296875 0.0421875 0.196875
2 0.23984375 0.11640625 0.15546875 0.2328125
0 0.875 0.221875 0.07734375 0.1578125