3 0.27265625 0.59453125 0.08671875 0.3203125
3 0.3484375 0.9171875 0.0703125 0.16484375
3 0.20859375 0.89609375 0.23359375 0.18671875
3 0.41796875 0.30234375 0.17734375 0.1359375
0 0.4015625 0.08671875 0.0875 0.13515625
2 0.53125 0.11953125 0.178125 0.2390625
1 0.5 0.42890625 0.17421875 0.27109375
1 0.6953125 0.2859375 0.20859375 0.296875
0 0.1640625 0.24453125 0.159375 0.28046875
1 0.5625 0.8546875 0.15546875 0.290625
3 0.17578125 0.534375 0.10078125 0.2390625
3 0.09609375 0.109375 0.0828125 0.21796875
3 0.56796875 0.6640625 0.20234375 0.24609375
3 0.8140625 0.3671875 0.0765625 0.15