1 0.65390625 0.85625 0.17109375 0.2203125
3 0.28046875 0.40078125 0.14140625 0.17421875
3 0.1234375 0.64296875 0.12421875 0.2921875
0 0.84296875 0.90703125 0.053125 0.09296875
0 0.84296875 0.41328125 0.0703125 0.1234375
0 0.3453125 0.90078125 0.08359375 0.13046875
1 0.34296875 0.6984375 0.11328125 0.34375
0 0.23984375 0.5625 0.0625 0.13125
0 0.24140625 0.08125 0.07109375 0.134375
1 0.4859375 0.13046875 0.12890625 0.2609375
2 0.28515625 0.190625 0.121875 0.24609375
3 0.08828125 0.92265625 0.0765625 0.1546875
3 0.153125 0.0640625 0.1484375 0.128125
0 0.10703125 0.171875 0.06640625 0.1046875