1 0.8734375 0.17734375 0.18125 0.2703125
2 0.65 0.25859375 0.1265625 0.321875
1 0.55703125 0.22890625 0.1984375 0.28125
1 0.490625 0.68671875 0.16875 0.215625
0 0.35625 0.88125 0.103125 0.18125
0 0.2515625 0.09453125 0.071875 0.125
0 0.715625 0.8921875 0.084375 0.121875
0 0.8265625 0.90859375 0.05 0.178125
1 0.37890625 0.57578125 0.0796875 0.234375
0 0.5 0.46328125 0.1 0.153125
0 0.26796875 0.3296875 0.0703125 0.121875
3 0.2828125 0.5203125 0.071875 0.234375
1 0.184375 0.303125 0.125 0.2296875
0 0.32578125 0.478125 0.109375 0.1640625
1 0.9203125 0.9375 0.125 0.125
0 0.54453125 0.8734375 0.0875 0.075
1 0.86328125 0.0640625 0.146875 0.1265625