0 0.215625 0.56328125 0.1 0.178125
0 0.13984375 0.94921875 0.059375 0.1015625
2 0.28203125 0.1390625 0.1359375 0.221875
1 0.125 0.46015625 0.128125 0.2484375
1 0.478125 0.40078125 0.1625 0.271875
0 0.403125 0.30390625 0.1296875 0.21875
1 0.6296875 0.15 0.196875 0.20625
0 0.7671875 0.03359375 0.0546875 0.065625
0 0.66484375 0.0203125 0.065625 0.040625
0 0.90703125 0.1875 0.04375 0.1484375
0 0.878125 0.453125 0.096875 0.146875
1 0.60390625 0.6671875 0.14375 0.3265625
0 0.81796875 0.796875 0.05625 0.125
3 0.7421875 0.8890625 0.103125 0.221875
3 0.46640625 0.6265625 0.153125 0.184375