0 0.57890625 0.72265625 0.10078125 0.17109375
3 0.5984375 0.43515625 0.1296875 0.16875
3 0.659375 0.78203125 0.165625 0.18984375
3 0.15625 0.2234375 0.11484375 0.23671875
3 0.52265625 0.9125 0.190625 0.17109375
3 0.40234375 0.57734375 0.1640625 0.146875
3 0.8703125 0.43359375 0.13828125 0.26796875
2 0.2140625 0.06015625 0.1484375 0.11796875
1 0.859375 0.71015625 0.121875 0.22578125
2 0.33828125 0.44453125 0.1078125 0.16171875
0 0.26171875 0.971875 0.0703125 0.05625
0 0.3796875 0.68828125 0.0890625 0.13515625
2 0.43984375 0.12890625 0.1109375 0.190625
3 0.64765625 0.92265625 0.175 0.15390625
3 0.29140625 0.21640625 0.16953125 0.1765625
3 0.42265625 0.38046875 0.13359375 0.26171875
3 0.20078125 0.93515625 0.1359375 0.1296875
3 0.87421875 0.18125 0.134375 0.2265625
3 0.7453125 0.15078125 0.07890625 0.24453125
3 0.11484375 0.05546875 0.1046875 0.1109375