3 0.78203125 0.36171875 0.0671875 0.259375
1 0.70625 0.4140625 0.134375 0.325
1 0.49765625 0.278125 0.1359375 0.31875
1 0.52421875 0.6234375 0.1859375 0.271875
0 0.3375 0.8390625 0.08125 0.1609375
0 0.4265625 0.8140625 0.0890625 0.140625
3 0.36875 0.6203125 0.1625 0.3015625
1 0.2265625 0.53515625 0.15 0.3
1 0.07734375 0.74765625 0.0765625 0.253125
0 0.15078125 0.13671875 0.06875 0.1296875
1 0.24453125 0.2625 0.128125 0.328125
2 0.51484375 0.83984375 0.15 0.25625
3 0.7984375 0.13203125 0.1625 0.2125