3 0.21796875 0.63828125 0.0671875 0.259375
1 0.29375 0.5859375 0.134375 0.325
1 0.50234375 0.721875 0.1359375 0.31875
1 0.47578125 0.3765625 0.1859375 0.271875
0 0.6625 0.1609375 0.08125 0.1609375
0 0.5734375 0.1859375 0.0890625 0.140625
3 0.63125 0.3796875 0.1625 0.3015625
1 0.7734375 0.46484375 0.15 0.3
1 0.92265625 0.25234375 0.0765625 0.253125
0 0.84921875 0.86328125 0.06875 0.128125
1 0.75546875 0.7375 0.128125 0.328125
2 0.48515625 0.16015625 0.15 0.25625
3 0.2015625 0.86796875 0.1625 0.2125