0 0.390625 0.36875 0.0796875 0.11328125
0 0.46328125 0.80625 0.07421875 0.16484375
0 0.0921875 0.89609375 0.0625 0.13984375
1 0.32890625 0.9046875 0.19140625 0.190625
0 0.784375 0.0515625 0.06640625 0.103125
3 0.190625 0.25078125 0.13828125 0.1609375
3 0.60625 0.80625 0.14453125 0.16796875
2 0.628125 0.55234375 0.13125 0.321875
0 0.3546875 0.48203125 0.08671875 0.12109375
3 0.8890625 0.2859375 0.0984375 0.2765625
3 0.690625 0.68828125 0.10546875 0.3171875
3 0.478125 0.56484375 0.16796875 0.31328125
0 0.42265625 0.1109375 0.14609375 0.22109375
0 0.040625 0.85703125 0.07421875 0.1828125
1 0.2296875 0.6375 0.17265625 0.37265625
3 0.36953125 0.75625 0.0859375 0.14296875
3 0.65703125 0.940625 0.06171875 0.11875
3 0.80625 0.85 0.1375 0.278125
2 0.56875 0.77109375 0.0890625 0.09921875