2 0.16953125 0.25390625 0.16015625 0.30625
0 0.47578125 0.85078125 0.06953125 0.1328125
3 0.6265625 0.71875 0.06796875 0.15859375
0 0.40859375 0.2421875 0.04375 0.09140625
0 0.56171875 0.821875 0.1328125 0.21171875
0 0.34609375 0.11328125 0.08515625 0.11171875
2 0.31171875 0.25234375 0.1484375 0.175
0 0.10390625 0.18125 0.0734375 0.13828125
3 0.2015625 0.52890625 0.159375 0.1859375
3 0.37265625 0.4375 0.11875 0.19375
3 0.825 0.3703125 0.1109375 0.23984375
3 0.3421875 0.93203125 0.16953125 0.13515625
0 0.86015625 0.4921875 0.06640625 0.1046875