2 0.91171875 0.5296875 0.1578125 0.34921875
2 0.440625 0.6796875 0.23046875 0.321875
0 0.2125 0.8125 0.06640625 0.090625
0 0.1671875 0.5796875 0.05703125 0.16171875
3 0.58984375 0.18671875 0.1 0.253125
1 0.76328125 0.20390625 0.23828125 0.32421875
0 0.83984375 0.39921875 0.0734375 0.134375
0 0.78203125 0.2390625 0.0890625 0.16328125
0 0.559375 0.31484375 0.09609375 0.1765625
2 0.63671875 0.72734375 0.159375 0.26640625
3 0.80625 0.92890625 0.1 0.1421875
0 0.859375 0.78828125 0.0640625 0.12421875
0 0.13125 0.33515625 0.0765625 0.1234375