3 0.26015625 0.31953125 0.1546875 0.1125
1 0.3734375 0.225 0.0921875 0.26875
1 0.5109375 0.6984375 0.25 0.38125
2 0.31328125 0.89921875 0.134375 0.2015625
3 0.68828125 0.684375 0.1015625 0.1359375
3 0.85 0.9265625 0.0484375 0.146875
2 0.73125 0.51875 0.1328125 0.325
3 0.19921875 0.496875 0.109375 0.1375
1 0.35625 0.08359375 0.1875 0.1671875
1 0.12890625 0.05703125 0.1359375 0.1140625
2 0.56796875 0.0828125 0.1625 0.1625
3 0.70078125 0.0578125 0.109375 0.115625
1 0.57734375 0.56875 0.1484375 0.171875
3 0.52421875 0.18828125 0.175 0.2375