1 0.89375 0.165625 0.08125 0.1796875
0 0.9453125 0.26171875 0.05 0.103125
2 0.68671875 0.4578125 0.190625 0.403125
1 0.559375 0.60078125 0.1609375 0.346875
1 0.7828125 0.734375 0.134375 0.28125
0 0.521875 0.8578125 0.075 0.103125
1 0.26640625 0.8421875 0.1078125 0.26875
2 0.31875 0.92265625 0.159375 0.153125
1 0.2109375 0.50546875 0.1859375 0.1921875
0 0.159375 0.24765625 0.0640625 0.1015625
0 0.2 0.128125 0.065625 0.146875
2 0.5765625 0.9390625 0.1921875 0.121875
3 0.2890625 0.03203125 0.14375 0.0640625