3 0.7265625 0.759375 0.1171875 0.2609375
1 0.4125 0.80703125 0.1609375 0.24375
0 0.44140625 0.67578125 0.059375 0.0890625
0 0.39140625 0.7078125 0.059375 0.096875
0 0.5796875 0.7390625 0.0546875 0.15
0 0.03984375 0.94453125 0.0359375 0.109375
0 0.259375 0.27265625 0.05 0.1234375
3 0.309375 0.23515625 0.1296875 0.3
0 0.15859375 0.10625 0.0375 0.1109375
0 0.2640625 0.05390625 0.0609375 0.1
0 0.52890625 0.26953125 0.075 0.15625
0 0.65625 0.02890625 0.0625 0.0578125
1 0.80234375 0.87109375 0.09375 0.2578125