1 0.2328125 0.290625 0.159375 0.30625
3 0.51796875 0.15703125 0.1546875 0.3140625
3 0.12421875 0.26171875 0.0875 0.2671875
3 0.115625 0.07890625 0.109375 0.125
1 0.33203125 0.303125 0.084375 0.221875
0 0.34140625 0.8171875 0.103125 0.11875
3 0.5890625 0.8953125 0.084375 0.209375
0 0.77421875 0.81640625 0.09375 0.2046875
0 0.14921875 0.74453125 0.071875 0.10625
3 0.9234375 0.54609375 0.0703125 0.3140625
0 0.93125 0.30859375 0.0421875 0.1125
0 0.3953125 0.06875 0.084375 0.134375
0 0.79375 0.10703125 0.0796875 0.1546875