0 0.7890625 0.25390625 0.075 0.15
0 0.89921875 0.12578125 0.071875 0.1625
3 0.7046875 0.421875 0.1578125 0.278125
3 0.58828125 0.80546875 0.1 0.334375
3 0.49453125 0.62890625 0.16875 0.215625
2 0.49140625 0.396875 0.25625 0.428125
1 0.2921875 0.66875 0.1328125 0.3
3 0.1828125 0.78984375 0.0921875 0.13125
3 0.12265625 0.8609375 0.16875 0.2234375
0 0.1203125 0.7265625 0.0453125 0.10625
0 0.1484375 0.653125 0.0796875 0.0953125
2 0.1859375 0.30859375 0.178125 0.4
0 0.26796875 0.221875 0.046875 0.103125
0 0.315625 0.26875 0.08125 0.146875
1 0.34375 0.4078125 0.140625 0.29375
0 0.73359375 0.79921875 0.090625 0.18125
1 0.69609375 0.15703125 0.146875 0.3140625
1 0.59140625 0.1265625 0.153125 0.246875