1 0.6046875 0.215625 0.178125 0.275
2 0.3734375 0.35546875 0.1328125 0.25
3 0.28671875 0.38671875 0.1078125 0.1984375
3 0.490625 0.58359375 0.1578125 0.2625
2 0.32578125 0.91875 0.1921875 0.1625
1 0.915625 0.184375 0.090625 0.3015625
0 0.76015625 0.38046875 0.09375 0.1640625
1 0.5703125 0.86171875 0.15625 0.2765625
0 0.45703125 0.9046875 0.084375 0.1484375
0 0.2578125 0.621875 0.0875 0.125
1 0.79765625 0.94921875 0.1171875 0.1
3 0.46171875 0.7296875 0.1703125 0.1921875
0 0.0578125 0.5 0.0546875 0.1328125