1 0.82421875 0.54375 0.115625 0.2921875
1 0.828125 0.08203125 0.128125 0.1640625
1 0.69921875 0.0625 0.134375 0.125
1 0.09375 0.153125 0.1078125 0.1703125
3 0.0609375 0.03671875 0.0453125 0.0734375
1 0.275 0.36484375 0.1546875 0.278125
1 0.1921875 0.5140625 0.153125 0.209375
1 0.16953125 0.35859375 0.1421875 0.26875
2 0.61953125 0.509375 0.14375 0.35
2 0.8609375 0.3671875 0.15 0.2953125
2 0.71015625 0.58515625 0.115625 0.203125
3 0.2328125 0.73515625 0.075 0.14375
2 0.38046875 0.33359375 0.1375 0.184375
3 0.29296875 0.0625 0.121875 0.125