1 0.29296875 0.284375 0.21875 0.178125
1 0.80078125 0.78984375 0.2921875 0.171875
1 0.14609375 0.446875 0.171875 0.196875
1 0.84921875 0.52265625 0.296875 0.16875
2 0.72109375 0.0578125 0.309375 0.1125
2 0.35 0.44609375 0.259375 0.13125
1 0.15703125 0.2703125 0.2171875 0.16875
3 0.07890625 0.8234375 0.15 0.0984375
3 0.77109375 0.6671875 0.325 0.0953125
2 0.484375 0.696875 0.253125 0.15
2 0.2796875 0.67109375 0.275 0.1921875
3 0.33125 0.91796875 0.26875 0.134375
1 0.09921875 0.1671875 0.196875 0.13125