1 0.17578125 0.45625 0.115625 0.2921875
1 0.171875 0.91796875 0.128125 0.1640625
1 0.30078125 0.9375 0.134375 0.125
1 0.90625 0.846875 0.1078125 0.16875
3 0.9390625 0.96328125 0.0453125 0.0734375
1 0.725 0.63515625 0.1546875 0.278125
1 0.8078125 0.4859375 0.153125 0.209375
1 0.83046875 0.64140625 0.1421875 0.26875
2 0.38046875 0.490625 0.1453125 0.3515625
2 0.1390625 0.6328125 0.15 0.2953125
2 0.28984375 0.41484375 0.1171875 0.2015625
3 0.7671875 0.26484375 0.075 0.14375
2 0.61953125 0.66640625 0.1375 0.184375
3 0.70703125 0.9375 0.121875 0.125